J = 3.2284e-6;
b = 3.5077e-6;
Cr = 0;
K = 0.0274;
Ke = K;
Kt = K;
R = 4;
L = 2.75e-6;
U = 12;

