J = 0.28;
b = 8.5e-3;
K = 0.5093;
R = 0.015;
L = 1.6e-3;
Kp = 5.7/2;
Ki = 25;
Kd = 0.055;
Kpos = 21/2;
Kipos = 0;
Kdpos = 0;
Q = 0.04;
ret = 0.01;
