J = 0.28;
b = 8.5e-3;
K = 0.5093;
R = 0.13;
L = 1.6e-3;
Kp = 20;
Ki = 140;
Kd = 0.2;
Kpos = 1;
