grav = 9.81;
v0 = 27.77;
rRoue = 0.3;
J = 0.5;
m = 1000;
N = m*grav/4;
g = 0.5;
Fd = 2000;